15378
30426
22949
24716
17390
24502
28673
13284
27362
23335
13066
14330
12109
29473
13743
24980
27181
14008
15495
19830
17799
26349
1885
29653
29193
26056
21483
12302
24558
7079
32230
28824
32546
18133
24635
9015
19110
26974
23449
12659
9015
18722
9775
8521
15658
13865
18615
11808
9627
2870
27827
28159
8902
7327
24566
22268
29621
2395
29031
14584
13084
8797
2818
32649
24961
23584
11551
20536
23199
32388
12023
22765
14861
1752
26724
25255
29467
28728
10472
31856
8189
22041
8177
21137
19499
9506
6747
1538
15879
20030
14647
6180
960
12271
1483
16050
18295
10725
1753
13301
11937
3791
15141
22328
18605
26737
7473
12668
20710
16886
5195
12909
18330
27784
30409
14740
9852
29215
404
16333
13383
10902
26851
13564
15268
9988
26185
26108
10574
26441
26610
32472
21876
3559
17706
32062
31839
1556
7198
10032
10836
20493
15591
23037
7868
26540
17860
17776
27266
31037
21671
26439
19901
22670
29172
23270
6287
28229
6277
20813
4940
3958
32497
17736
12767
29557
1550
16357
5738
15337
28852
16683
10029
17186
18628
8457
15273
9389
5481
31885
9477
13349
18078
855
5552
22091
31217
14668
11336
28761
31878
143
9659
24980
11870
32685
31404
15137
10969
14359
27672
10777
23162
24790
17209
18400
20971
22906
18602
17586
8769
18771
14029
8318
32384
16100
11114
26104
23138
25493
23704
7146
26196
6056
5345
24778
3266
2670
15009
25746
21652
8891
26287
13516
19705
19351
20031
3820
26211
31030
1031
11491
23763
31275
21665
16369
5974
26840
16945
3515
8399
20777
25415
25501
7672
24194
10503
21569
25764
9717
20615
29553
6215
24761
888
1065
28599
10967
27657
19697
2100
6695
16392
1641
27047
16763
1866
6182
8231
29722
8526
6076
3777
23920
19997
15900
24441
16643
15988
18209
13452
30377
28453
28517
32504
30457
21435
1113
7742
3071
5213
14997
11623
31284
25333
15980
8517
13740
11153
12996
7163
30610
9225
4644
6592
18386
32482
9743
23263
20245
17778
2193
12034
1266
7493
25623
1457
3682
31936
25988
26646
24693
4868
5248
16387
31556
26389
1555
4150
20775
29244
7540
475
11816
14761
20251
27474
13239
11101
6685
13363
15519
16967
11193
14991
15672
13741
24878
7545
29662
14286
7120
4293
32163
1990
7003
7696
9025
23217
21127
30465
29267
24595
27101
15565
30404
25976
25800
24833
10375
23895
7407
892
24968
19772
1986
29114
28643
26406
31315
11097
6229
21038
24424
4053
7407
26218
5070
6551
7186
24593
23792
18990
23447
19936
11688
11228
21582
16060
11604
3156
4522
29336
13613
21698
14778
4761
14292
8972
20827
13432
18222
2135
4269
11561
11378
4302
23491
30394
18048
30878
13215
11645
8821
12869
13149
26729
636
8717
28078
28862
18151
13011
16008
7400
28030
10253
25884
21158
6934
20748
31241
29803
25446
382
5583
15877
17175
29494
15238
21628
26
30000
23504
3389
25662
3023
1036
12407
1538
26218
3532
15046
5031
19975
25225
25103
21642
29030
10134
25003
21681
12866
26195
20935
28324
22483
1187
3594
10110
19095
8608
28537
4419
15698
10893
23960
10100
26452
15371
31442
23009
13306
9104
28699
14783
2935
5398
7124
31994
6356
26896
10223
19405
12598
30370
19283
3215
16480
24081
14978
8656
24184
22393
2937
20132
29454
22974
4312
13631
2394
11716
28738
9154
14789
16867
30727
9045
19628
20885
30720
32118
31328
13682
8635
11152
27761
28511
13272
25808
25644
18178
29875
15924
10850
2681
16452
4325
11371
18251
11587
6854
27243
3998
3471
3405
6868
8107
19920
32402
10028
30576
30811
28837
26129
15524
24407
25381
13946
30960
12830
8974
24639
2140
486
19667
24028
19464
31137
13485
29554
29980
19746
10546
14094
31745
9088
17449
28206
6098
191
15773
25729
18957
29357
30000
8175
21135
1291
9650
5593
8127
16621
30450
17826
3849
15204
25044
23662
4494
30553
6820
17961
2329
7868
30122
20428
29013
22239
31231
16091
10558
13340
5791
562
28886
4286
11710
24578
28441
19231
27232
17687
21554
12045
5156
6492
27631
3698
21856
15776
13427
19764
10099
5786
19755
25691
22871
18731
20995
8306
25718
3044
30425
7983
959
12744
30513
20566
16632
21075
11819
32218
27734
12987
27315
8005
12875
21621
21496
31835
17311
19707
29215
25338
17346
19149
12088
29765
29025
27573
25713
19714
15671
18512
18313
3391
17190
22730
19592
828
22918
5865
20398
32133
10941
333
7081
2143
3343
25590
8203
6757
3256
2566
27642
29811
23608
15560
16681
14531
7919
13298
21256
32086
16873
23335
1592
23958
22267
4288
17474
20281
9743
16844
14216
15976
26812
1877
892
13601
25626
10470
19727
4570
21716
10313
10093
4455
24958
14997
14567
12317
1833
21097
11312
9784
13365
8050
16845
890
1383
10035
5575
11797
22843
23301
28067
18635
11644
20316
8851
17492
31505
30797
31726
8192
1050
3917
3550
7581
18492
1596
28761
27803
4920
11170
25170
4206
22979
25656
11568
1588
22674
7594
23679
28056
10676
24219
7653
14582
17444
6121
23896
10432
6559
6963
29071
5664
18099
23193
27830
20702
2329
21955
25958
5253
28740
22565
19412
22721
31802
27777
8009
268
7843
10669
6098
12169
21023
15510
6200
16176
15325
21381
31794
10540
2922
20129
5850
22913
3270
22966
30046
14066
8381
21300
14840
25122
3956
9339
8992
28665
26947
28501
4864
9033
27074
13508
11048
27058
4391
22783
20611
8131
26575
10423
11145
24673
8218
17310
30903
25453
2684
4138
15676
12193
4049
7318
13302
9147
9713
4395
1692
6878
29317
6077
10045
12341
4121
23672
24041
26073
10610
3037
24238
13045
24353
29191
31686
15656
11096
7987
18446
16682
14333
13695
15802
28339
23293
17394
15687
15256
11491
21181
30898
29239
28073
1216
7912
32534
11213
29264
23421
16839
25000
8504
32416
25871
31996
15869
24911
583
1228
31335
22983
5121
20848
13628
21567
31727
2792
20303
25557
8193
24945
20921
24521
25294
13398
18791
24809
31541
6921
31701
13132
28484
1138
22808
4163
13912
24711
20258
13453
18054
2077
25154
9930
4410
22269
12010
16946
13086
11323
14517
22919
23358
17603
10920
1608
11625
9269
27833
30760
9178
32755
12941
22719
13336
24696
26502
6014
15130
27883
7165
12776
29871
5363
22476
19455
541
3278
30224
11517
17416
20381
28205
29765
2966
7170
11794
6809
26321
7917
27070
5005
3149
16563
1026
9020
10762
18529
29833
15417
7067
18767
20247
31177
19336
3832
20494
2639
17394
31496
4662
7687
12917
2487
20925
11767
25427
28758
24701
12067
30670
2599
12158
1537
23509
1906
4540
20012
16099
4821
7210
19036
5157
24796
18166
4246
24027
24018
13327
18080
18432
28118
16101
696
22061
29489
14704
9349
10427
3814
31347
14926
7464
20363
8450
18026
19899
16984
12610
30968
13419
6782
28272
12752
29950
25273
5668
24249
4718
27945
24791
2524
5008
30046
27555
11384
23287
10418
28491
6616
13847
2267
26747
5762
26534
23744
5457
28594
12616
9100
27675
9990
8298
15873
28515
1659
8814
16912
809
12440
9225
11430
10095
233
16362
26056
15355
20655
16541
19170
12632
29654
31150
13148
19230
551
15377
9071
22387
16575
27073
8503
32722
16320
27816
24585
5899
70
5311
13830
2187
13981
8566
4080
19678
31921
31318
22333
1906
2245
23269
32362
12702
15464
30154
10130
30434
8101
21297
6463
9841
7291
28273
30080
24044
3725
22252
26428
20849
31513
22583
14789
21716
1326
28028
3760
2604
29210
1052
9701
22930
21026
20888
27634
5669
8567
16561
17061
29778
30053
14798
14297
13650
2508
19103
7824
11251
17108
28928
15938
32412
30429
3360
3189
19083
5301
16098
9358
3170
31246
12931
29159
29154
3631
8318
16417
30966
29929
1196
9660
32755
28109
20656
31972
11038
13212
7570
24206
17263
28671
8362
21444
29332
6008
26560
12605
57
16793
8305
20785
29831
20852
28372
8043
17386
594
5982
11168
26648
11432
3
13823
2639
22342
19614
27145
8925
26834
6803
15267
12774
3445
8115
6762
30050
9428
12384
28486
16485
19522
28913
6210
22435
22835
13912
22171
30515
22516
23041
25366
26003
25242
1278
7319
14317
25657
13922
1264
11160
7254
2282
32759
14562
30366
31715
2267
17165
2776
17223
20920
2455
22808
25386
360
16063
5685
6740
925
26436
7294
24624
7980
26480
21673
31205
18092
24917
11020
27330
22336
18519
25872
17375
14769
19946
27362
5889
6592
2973
22891
4287
10170
3672
28803
32227
6220
9953
12641
16403
22169
9125
16726
30129
7306
22454
25788
22783
25957
4880
9769
6791
28322
28704
32232
15034
15098
6791
3497
9943
19392
29467
17527
7438
1140
13614
32491
7142
27798
276
30623
24796
17336
28639
7142
14924
7127
5229
6330
12437
28139
3493
13302
19065
23741
3581
17862
28866
6649
31807
26203
13611
8580
4494
9187
125
16143
6308
21688
27641
4589
12893
22999
18934
801
17273
26005
8651
25020
28573
6797
8943
6502
17820
5853
21343
14138
245
16274
32064
12503
1181
24672
8134
8627
29438
29591
26452
29363
1855
9810
28901
8185
5062
27889
23722
4350
18939
15306
29684
14048
12111
14364
26197
25853
25470
30020
25090
6080
7184
4660
2940
7611
31014
19232
6256
22262
6003
21370
4571
32391
905
3105
369
12899
29270
27094
3648
11636
25326
8175
19601
26604
3467
25423
17679
4568
17361
22933
30507
7160
9815
2196
23230
17102
21348
23044
9456
20469
29430
1910
21594
1460
17417
654
18535
26835
3861
11628
26624
23725
8665
30571
7016
17799
14423
12814
7524
9504
30496
12855
26528
25993
23249
4506
15950
17975
16606
9330
7952
8023
28046
30578
5912
28513
13127
27135
17549
26352
7948
14492
1841
26321
20036
2982
9282
9306
20925
24129
24990
26621
16880
20882
23594
6685
26759
16431
7539
4639
8988
9683
13462
23493
25412
12119
22110
26295
28620
1757
18605
21603
19266
12367
7453
22535
25527
2568
32486
23820
28612
17872
6147
26518
7371
28174
20880
25433
29311
19257
29559
21678
4007
15760
26443
8166
9247
24331
8820
23262
19487
401
31629
23763
12479
23915
28426
120
4539
1017
5918
19526
7284
27299
23260
29972
13368
8723
6300
28391
4035
3489
20384
11
20486
12047
3319
2659
29735
23159
8098
32509
20168
26241
22518
12265
24716
11481
22081
29772
15319
28385
11440
21168
21974
29347
22640
9630
26816
27657
22036
28271
19291
1616
21815
19039
25025
8634
20322
15843
2916
6531
1584
19005
12880
9751
11439
333
24496
12162
16394
2986
31124
9256
21349
21745
3569
10166
21257
21085
20201
11864
705
6040
9293
22573
15235
11729
30305
8440
11347
24847
5599
14360
8805
30661
25918
5306
7298
2214
10035
6733
11692
25274
5753
24886
29445
15282
10958
30661
8429
6265
12094
12136
27499
9227
3491
18975
19918
26762
29549
7216
30100
7823
13215
30236
21642
1726
2586
27345
7733
413
9246
17953
13425
22950
4622
18291
18264
29594
1651
29881
11365
22809
1604
6562
12505
20848
28261
18192
27486
31922
29293
26316
20715
9482
30892
14201
4327
14927
30573
17606
31889
11225
14200
12264
32159
5267
8155
23624
24613
27986
28394
21624
29625
14693
1157
31596
18389
24942
8601
24039
1917
12400
16617
14387
14369
10024
27919
1045
24516
6561
14269
8960
22110
19203
13897
30857
18047
31659
10089
2331
8502
7553
9787
28908
2353
8838
3720
18223
31013
6573
30281
16780
10609
3564
24682
11213
30974
23442
3279
2010
23913
28635
2453
27111
7780
9922
27034
25836
24665
15126
17471
6997
16977
31952
25196
18427
4885
16804
15573
21332
24978
17366
12156
18662
27778
25423
1655
16642
13641
31984
18420
4782
14877
19494
24442
25059
7018
2751
3698
24057
12405
17148
17893
17503
20287
2023
19847
31631
19372
2022
23541
23105
29156
11665
1083
28383
32762
17089
7321
23354
25292
18921
647
6267
14890
426
24566
14172
26682
18081
21977
28824
12314
18308
12260
6559
10184
16237
1427
20879
319
10869
27759
31328
28387
10373
8077
21086
10015
617
16471
16861
19277
1318
5262
12584
13782
10126
26000
31418
29594
11793
25815
19889
27794
16598
14787
5247
32691
10251
7321
13283
5654
8825
8907
13848
29015
2651
8314
13900
14651
15472
17209
8275
3221
30031
18964
6301
6506
6395
32465
8293
83
6327
21621
18988
1827
27419
20234
4710
24266
19048
6304
12403
121
11545
26514
29648
26119
11450
6666
399
8596
20221
10951
1540
6252
25867
25374
11970
25901
29976
28223
198
9517
25146
12730
24305
13590
18043
3906
21692
8403
13101
29616
31015
19120
19325
22347
32242
3516
27979
4934
16144
24434
23609
12426
26201
13465
8962
5046
30591
11625
7950
10852
22595
19695
27203
32175
10472
16307
5917
19954
232
30103
29441
7121
25575
4866
17102
17022
741
32062
11702
1845
7607
1567
19020
16905
6328
31462
477
995
6844
6756
15876
24008
18245
13923
5241
11610
26874
1089
25898
4770
8276
24798
7821
29452
27291
3001
7220
11699
5393
7509
21410
25823
28781
15586
17245
204
22666
22809
22596
20398
25697
26728
15651
26353
21045
29775
18565
10693
1037
29706
31945
6362
8295
14960
20088
20328
11051
31515
9430
20851
10974
10953
18615
3917
11800
16130
13716
16988
17720
4347
222
1821
17494
26555
19346
22633
24953
28028
29198
20472
778
5204
28195
20515
21129
11796
8043
31470
26495
15217
28125
6725
7860
13921
31390
23942
29089
23496
21274
4160
25128
14420
23124
11835
20099
31909
23674
30904
16763
23730
189
28921
4826
32360
3424
23556
27682
15252
12814
13221
1407
15106
19568
10418
12027
9446
23295
6802
31217
30332
4631
10240
5828
14572
18253
15629
15056
8048
9987
16996
8865
20664
26682
20946
1123
24462
29351
5126
1690
14006
11016
11157
3860
31768
22968
20801
32283
12065
24449
1402
10735
1638
11442
31525
11891
20618
11890
8093
25894
23650
9812
25591
6485
11352
8236
11147
19599
30989
31264
943
8026
18243
13058
2246
12836
5369
29405
7290
4732
25047
461
20805
2178
5837
8468
12086
22684
4344
31339
13810
19819
21445
6550
16377
7678
9816
9275
11050
1093
8239
17396
27274
6088
26882
30371
25921
16536
12270
14598
18149
22150
7635
16267
9467
16532
18171
12645
7611
10409
24572
6623
21524
6025
14815
1008
27888
3331
18817
29712
29113
26733
15930
13387
15388
13645
27581
9876
20237
12377
2879
4443
16651
6306
6108
6754
7077
8460
18998
25548
21565
5633
30559
32631
16908
2918
22265
11403
13670
9934
29851
4947
5183
23022
20599
29516
8175
8530
29498
30588
18482
6990
31028
9477
12147
2870
22713
6138
17482
7377
26567
625
5187
31756
25832
8666
15329
5356
1882
7823
6114
4038
23150
2476
7109
23986
26670
27936
29066
26941
30530
8708
18105
16222
24597
24876
27301
17580
15667
16892
8690
19149
31478
7037
21333
6706
2657
31664
29083
17409
15180
10531
18157
20563
449
25281
1362
7328
10919
20974
16501
32375
17309
25300
13481
32371
14889
30455
32554
16234
30226
9744
11173
26087
29450
280
15099
5083
7568
2979
1859
19599
30485
24431
10510
21725
17758
11837
16878
25504
20777
5599
20537
13929
30739
31379
28682
24180
5561
23439
11657
23002
2078
21981
19564
19719
21325
18793
10430
28783
10303
21593
5343
1661
21246
6300
22733
28108
21515
32710
13985
9114
10493
28955
6237
19066
2156
11753
19172
2376
5389
18460
27210
22114
19486
26380
25422
789
13061
20121
11813
6998
2100
23674
9850
28083
31567
28626
9394
20361
12433
28420
15476
29046
4972
24521
17513
22545
15471
17792
2880
19673
28269
14789
24054
23404
28380
29508
17236
12026
15739
11983
4281
25592
28472
11951
15385
8729
12368
17464
3910
4730
12728
6049
8302
1564
1468
8722
13285
24728
12262
3581
27429
6926
27681
29106
25876
29535
28958
6190
13189
7068
12791
19508
18944
32190
25362
22944
18886
26519
17993
14583
20240
13064
583
6466
9112
15989
2357
15389
31322
18806
21143
22539
6300
2511
27760
29964
4140
3235
10157
30578
28393
14308
25536
19696
1924
14
15756
28660
14216
9749
9601
13622
20120
4507
8456
6033
31480
7015
15137
30227
24400
23571
26698
30800
13740
21252
24996
3323
9158
31136
15185
14007
9352
5818
14880
6954
10957
26193
11372
2131
24936
27003
19009
25630
11367
29340
24769
14902
20377
16859
19654
23579
24141
17879
2249
18292
22621
21653
20995
18086
6251
28862
10449
32677
30571
28423
12381
25867
18785
4080
12667
15719
5996
25009
17617
13527
15108
32369
26683
11481
16000
31418
878
15966
9947
6186
8155
8736
2743
4203
22486
29494
6818
3173
16631
32741
32409
7089
21952
7354
11466
16465
8833
11733
7582
25247
14713
23176
247
16772
12862
7969
22711
13034
14431
12547
7297
18548
27975
26876
19139
11372
8548
10194
2804
19197
10377
26911
17690
7074
19857
30815
21136
7902
10566
31816
11270
25646
24705
19546
14537
11324
3474
17590
9029
31573
22753
3123
22216
12317
1238
175
2696
29313
28919
15779
32232
3822
22608
28922
18935
4544
20248
29220
27705
14078
17297
20326
28331
580
1584
17780
20737
4864
7422
21825
5938
2273
26174
27670
8502
3213
20048
20962
12302
20627
7381
20945
15366
7840
7444
20767
55
17653
9629
18479
24399
30744
17195
20951
1429
31946
2767
17662
27687
11834
22347
3178
8582
13432
30140
12499
31573
32556
1405
18748
5470
22664
3911
17795
16854
9339
6045
18230
20194
8232
12391
31912
17754
13718
19933
12868
1228
14249
25254
3618
24772
6737
1857
10712
9034
31489
12453
32403
6317
3427
14884
22374
2175
16458
18069
15841
16353
12008
15538
5350
4353
12865
25279
21944
27616
9951
23917
9045
29785
15047
5629
10246
14687
22445
19368
28980
29062
32100
21567
15741
24772
8344
20495
28935
19321
25023
21767
9236
6830
12365
21789
32727
5530
11815
17389
23943
21611
26459
16291
23473
20547
12814
16668
24018
13440
19126
5960
10789
21824
137
12755
6586
28452
1588
32516
3784
5205
15057
24805
9540
27333
32531
32164
20914
8120
27332
28473
25148
13442
30322
5705
5633
2194
28005
5194
16047
17583
15316
12521
8276
2946
27992
11944
881
4949
28576
21196
11601
3354
28007
9334
12952
31919
21923
10000
22559
26208
25343
5098
30207
30126
14220
22309
4332
334
24755
21457
7621
4213
22383
13138
9064
17747
20665
17416
11979
20701
29251
11055
19785
21456
16232
28163
313
20723
21091
5672
25797
5276
13760
30026
28410
13685
29201
19457
3867
4736
9186
22519
4667
29273
11759
3404
1802
10172
23444
32569
5104
24390
1924
15348
29528
31360
6846
8148
2639
7193
30653
25526
19789
18803
9711
27295
26450
17762
20841
4771
22325
2096
29401
3333
30521
30948
13244
415
8930
19395
25297
388
28423
10776
3277
3301
10279
1841
3408
12337
2817
18090
11288
31872
27486
6126
6773
24370
15666
11002
25852
7379
13283
8804
11648
29506
27625
26268
16702
10003
21143
15987
24408
49
16440
20697
17285
31176
30814
29675
18694
10594
1143
27949
14812
8528
7329
1811
7736
21067
4800
8135
8243
12379
29645
5414
22463
7928
21361
12811
4829
26735
30162
209
28177
17544
19373
10003
20755
12902
29861
11958
9160
10670
15322
24618
20336
26348
17086
4588
24609
22322
20004
4432
23156
26370
27034
2173
6526
14445
21753
1465
18690
1149
28730
2023
20452
11217
6539
13389
16097
14983
12706
6555
6014
25439
14930
9257
32574
13852
17244
10113
13080
5422
6535
8477
20264
11919
27635
6258
16037
31723
23466
16429
26643
3587
10616
15548
27066
10067
30205
13328
31318
27122
18432
2721
16912
7355
19718
29107
16301
19370
2083
10968
3590
18312
25361
9399
7608
18635
21887
21771
14108
14776
5803
29679
22650
27594
3379
31832
17529
15447
28969
5603
21722
27761
21605
19409
25958
12299
1311
13647
27429
14428
32445
29435
3025
15753
23785
9637
18826
19326
1255
16978
5835
22044
31013
26503
26269
22682
2836
6084
3339
1061
24375
32078
981
16842
30586
6961
26473
2966
14276
3974
16398
24828
6351
19186
27491
23158
32056
24943
14856
8303
23762
22607
5531
18785
14912
5502
17126
25403
5827
21511
5206
11269
22608
16857
8367
15814
21990
10956
20991
12710
32286
21727
24785
32336
19460
29123
4002
5530
32293
18846
15001
1384
17385
777
3954
8141
21795
11354
444
28276
10215
27177
20292
30015
14492
28429
10449
2093
6225
8359
21265
14465
13653
3554
21460
7457
4609
6776
32632
31292
24025
953
31396
3119
9428
8840
1082
31146
2295
3750
7046
12558
14888
1843
22204
13594
8258
17521
32161
7367
27493
5836
15496
19056
32400
30487
896
7734
26737
27673
26060
10147
24187
26952
3475
6798
28218
2772
6105
2878
22755
21223
27822
13778
19760
19500
26533
21727
29546
13710
25736
19292
32711
6978
1098
9659
16119
263
15933
13913
20730
428
4485
20760
1588
2003
27341
27210
4803
1014
4665
7378
3088
17319
13723
23429
25764
19996
25321
20951
23102
27114
1775
14259
2594
12305
17473
7338
8115
20537
13940
28240
20804
27195
30093
15843
7980
8419
28090
2350
2328
18933
24384
2733
11686
24429
6837
21746
2095
5643
19823
15687
16611
15631
29244
22933
17180
19266
14931
5509
3564
15669
651
8932
29432
10445
10443
18764
14218
10751
21954
22785
19425
3289
3800
17689
3276
22722
9316
10464
17271
8450
20511
15482
22404
16005
6105
31946
26461
22235
18538
2707
15049
21636
7404
1245
17342
13419
26151
25243
8567
19632
17997
3978
22981
28842
21736
20572
15530
5677
16144
12822
9764
24584
14305
2231
4679
12754
19756
16666
14222
12519
29805
2589
7027
22189
25597
6403
21821
30748
3209
3351
29466
26237
18115
13970
13677
3441
2391
17599
5225
12854
15137
8029
17375
14374
30109
28485
10580
3712
19359
6733
30807
11115
26692
13931
26898
14392
6696
14366
15646
21224
7897
24585
1692
2286
17036
11233
25985
28470
10255
20106
12081
31589
19711
29565
13392
611
7739
20845
6356
23
12440
20522
29279
3185
29143
17861
8397
8622
26068
3829
5384
6103
17407
1721
31268
31115
2320
8511
29864
5631
20727
11781
27689
29763
3346
1342
4894
3015
27299
9335
8431
26141
32129
32378
29263
3584
782
627
972
28566
20840
7761
31396
3570
18148
16495
12251
12765
19896
7284
29066
30166
18423
14200
28282
21335
30659
32616
32753
5466
14270
29099
17868
21532
6081
5381
18638
24097
12753
19132
5944
12920
19278
15098
3994
28736
5742
24691
19944
24427
10218
30535
28368
30402
29943
21290
7499
809
28024
24770
7795
21541
1650
22096
20372
4507
18624
22419
19077
7899
14344
4330
9273
11996
9709
3512
31121
28105
17798
19980
15988
25533
4879
24450
802
29900
25567
32100
9157
8770
12954
31765
5706
28975
31656
944
19054
6691
15846
24044
20508
26166
29595
23363
14326
23883
6061
4947
25138
10646
2837
1156
12199
21596
28304
22251
18727
16378
17559
18030
28944
809
28562
30761
4894
2432
24649
16145
1667
7483
2203
5079
13882
15930
26226
17424
9112
27213
15094
7314
30500
15022
16897
4897
5032
31439
32211
13131
24456
7254
27400
21136
14419
11366
12487
20422
17560
11809
8507
25020
6139
32363
7751
14622
23943
9456
13941
31128
31814
13928
3632
20030
27151
11290
26932
7468
8352
21662
26690
7785
26861
16872
20248
23058
28855
22658
26272
20916
24159
25625
20328
22777
22269
21819
22610
24967
10925
3167
11661
15909
6953
22054
29635
8479
28829
31968
9108
23020
20662
4946
14660
5647
3068
23735
3248
10555
21859
30212
25991
8378
6172
9328
8118
9744
24497
27956
29732
29915
1617
23183
14752
26621
7529
4622
12824
25085
17524
8202
14347
5291
25107
7282
24640
27651
29536
3275
25529
8276
25983
10100
26083
13218
11639
23599
27407
24136
4672
17885
4901
12001
23838
27017
27799
24937
25645
26280
29589
12704
9020
31903
4480
11439
22238
2438
12448
17934
19903
26156
14361
13221
25653
17243
1051
21810
24087
27741
11866
10986
4818
4798
15038
8035
8121
1876
31835
10417
5277
1149
18083
1232
20126
28072
16090
5442
30016
10263
25035
7672
19906
28899
4538
27510
22699
21568
16537
9267
28069
10754
2687
18750
18830
15200
21589
10791
17101
30200
17107
20509
6114
20500
7595
9300
3137
16940
29443
21930
18273
31148
3881
16777
10768
10486
7298
25615
3593
6315
32708
4972
9160
24103
17509
2700
25245
23370
11604
1783
16128
27518
15846
32245
6948
25077
20243
11509
9679
15667
1250
2351
7016
13261
14370
21129
7506
32368
10331
19895
4984
804
2564
27047
19497
17874
17654
21532
20007
16900
30497
16793
4346
4589
3966
27776
3978
1705
5444
3963
26861
5574
28511
24347
894
16386
16414
18111
26159
21846
10540
27832
15392
14900
3009
16810
13936
4622
6425
7989
16467
29463
18214
14805
14692
1869
32130
27143
10813
16055
3751
4270
10053
30443
20834
6836
21962
15316
28293
26612
18256
1458
14045
6488
7976
6242
5475
2622
13892
26592
29110
31009
12617
9738
5833
9077
15590
23975
29145
22738
25701
16039
15779
18773
13951
32684
28115
4932
11381
30922
28351
21488
1884
23435
3413
16352
6072
11319
6994
1579
9037
24658
9142
806
23858
18021
17268
1599
9255
6914
31341
12073
31528
28418
2207
9786
28739
17169
11162
13329
26022
31853
20532
31867
28924
5866
3198
24728
17658
14394
30199
19513
22836
2155
10239
29325
17462
29617
3726
15869
31696
14694
18725
30548
28593
27727
14853
26659
12855
18465
5536
31844
9094
67
1613
10077
21208
27606
14399
4039
2580
13043
25016
18224
14241
24883
7034
4254
10876
373
7551
31349
21640
9947
13289
20378
1830
1814
60
9177
24070
2532
23243
32644
19517
29142
26736
28253
32663
599
14464
30134
3630
18154
32510
13783
8763
24499
16143
15008
6189
30521
31150
16240
17144
17770
13473
27205
19120
17376
28076
16932
22870
30562
19972
25787
2546
29358
12806
16197
19937
30325
22825
20142
15473
21160
21042
10999
171
27890
30631
25053
22896
4230
4229
25781
24520
27418
26933
3483
1910
23347
30909
32715
3536
29604
26164
26447
19149
22609
632
23515
6240
22585
2595
27381
17412
26804
17338
3416
16024
26104
20008
2971
32366
15586
13163
5646
18335
25076
5006
5093
20129
14746
31703
28056
26907
21937
15937
22153
16631
11337
23852
23016
15801
11178
24404
11987
6160
20374
8192
6082
19371
7118
28540
20771
23374
8152
6088
21313
6949
26622
6546
27498
30040
32666
13666
28753
23775
26769
5397
5553
25240
11294
10636
9011
8343
26833
4261
4754
28605
471
5994
22781
7052
21371
11401
24509
2105
4333
22277
28695
32515
12098
1322
5748
5316
445
18374
16575
24262
27469
19862
7183
27095
18774
13055
30086
10144
31668
31230
8825
17970
11774
15970
13264
9698
17927
31289
30896
24919
7083
28296
5208
7137
24008
1087
11081
2572
18570
14699
27562
26742
4332
28334
29930
21725
10619
10476
25255
15740
17501
6984
32463
23192
13971
3407
24325
26198
8315
29042
28998
1743
32665
16314
15308
7782
3478
26807
21554
30298
4233
29882
20954
30615
118
9028
16268
26066
9748
7869
20575
20692
5844
6249
23517
12310
12830
24729
25954
23695
990
20254
12997
23754
12351
4099
13882
14139
19638
10364
20343
16083
19011
18457
10262
3538
21748
14911
12091
8925
19626
3033
30838
21584
15135
14667
491
3541
27432
30887
9648
3126
1336
29732
14966
2927
21798
2252
10092
6920
7472
23924
28512
3233
6719
26097
30503
12495
7533
9865
2880
22054
24260
19368
26804
16023
27976
27092
19776
32509
24632
31203
21174
31986
11666
25964
6561
32487
18901
14203
1832
628
29962
17801
6709
19692
22789
25771
7126
27189
23785
32521
12003
3542
20970
7570
737
2642
23895
14830
11814
21173
17367
27828
29502
14956
31219
19422
30094
26457
7636
3450
8503
10791
15950
17058
19005
12507
4894
16045
18153
18348
2672
32423
2411
7189
20389
9471
31940
13864
12114
23936
10467
7205
31884
15746
25102
21579
23395
29794
1924
14574
5292
24623
5473
21194
22276
23206
3521
11671
2321
21089
32040
23262
4363
1099
7714
5898
13691
26967
24614
17602
31555
11378
21952
12918
9439
15542
19952
24120
14058
20448
7373
11214
9700
26884
22381
16645
4402
14207
1801
31816
12134
25134
5981
14704
20417
4829
1102
22750
5366
22018
2767
15559
19761
8876
24837
12496
2904
7862
14761
28635
26001
29504
5807
15392
32004
17759
12069
15743
13026
10004
27741
6676
11942
5243
16974
32013
6555
20805
26424
32696
13214
14952
11911
10464
9509
24597
2810
30298
12928
31723
31748
9435
13407
5994
27251
10765
31125
30378
14415
5345
30235
6989
2053
18470
25432
29618
32452
17243
13727
2667
1576
28097
2810
18930
20758
6069
30502
10391
10215
9789
20702
20669
16328
7393
25693
6470
8544
31164
12062
25164
25268
6098
2278
10770
14408
2980
24068
28218
8583
11778
24279
11576
13413
18721
18578
7174
19523
7149
11068
25625
8211
10144
20731
32149
956
31636
10897
31165
22720
29525
25895
20909
29212
6907
3402
3403
28528
11703
25395
22139
21343
25259
17483
19602
22841
31743
19950
11278
19927
19505
7535
7812
28615
9644
20829
18137
6826
26781
12293
23989
16857
8962
5944
29237
32335
30467
6479
8928
13251
15238
27499
25309
4372
2814
2306
8035
28650
13443
12439
22896
22427
17192
7624
1982
10059
3977
9358
21747
11096
4003
4545
3607
8693
22761
29914
21836
29460
2196
14077
27833
8074
1594
9015
11720
11117
21666
17412
145
1985
25815
14868
26518
16212
8059
28750
29616
27367
6238
20758
13385
12430
8271
24779
30668
21082
10546
24980
28762
4148
12371
25693
4287
24844
8954
27420
13732
18228
28992
89
28421
17414
17184
26605
32230
11981
977
19722
23106
29411
14163
4475
21829
30998
20041
8749
11195
16464
27654
29935
7367
27000
21226
4982
22744
14995
27375
22436
23769
23855
5759
15626
3496
23553
18825
27563
10186
9165
5843
24578
22365
2950
10130
21575
3149
10167
20792
20207
24267
27937
15757
31346
6139
26277
22785
10832
13037
613
31552
12630
27087
14887
32264
27933
9057
6906
13879
10965
21673
28699
809
18752
10983
5401
26688
15361
4555
13112
25796
21527
27110
28179
32238
29093
863
17286
12095
756
12519
8907
13590
29882
1774
32483
25986
30621
6935
24632
2901
16115
22506
14720
30586
7372
14538
996
15496
7986
550
26210
18582
4783
18931
27760
20818
3600
25689
4066
17997
27497
2220
6669
15769
21081
17055
8237
3734
14223
948
7940
3849
30093
26871
31172
9838
25260
2284
24623
11152
2145
24006
24573
16470
24510
8153
9598
8160
14140
9298
12160
4818
9655
5158
31347
32240
11962
3912
26315
16108
31741
4127
24230
19323
20524
9015
32431
18094
5866
18231
17986
128
13846
2323
4817
5036
1101
12418
27270
5569
2224
4275
23081
3447
26599
20795
27205
9028
8806
17235
28550
16427
2030
5952
14950
3797
1111
1554
27144
4834
10638
17297
26212
19073
6874
19573
17829
3646
15715
25813
8399
8988
20980
23266
7077
13028
23552
25045
9162
7868
31203
6438
11046
24571
4715
5119
24971
27452
31639
29936
12697
18866
32414
29156
1247
23739
23859
21588
4930
32695
15368
18874
16803
31770
5777
6217
21436
960
8202
3035
30027
9601
13755
12075
24179
28678
18043
9540
5983
14042
21363
14137
7976
11716
28196
27159
31225
20053
22444
12568
27249
15293
9540
4121
23112
6371
3598
16974
13878
1204
17934
14645
16656
12474
2677
1992
8757
17905
17190
3575
13096
3031
23923
30805
20606
1475
17447
26642
12795
31351
6346
22313
3576
6648
4640
3290
3079
13726
9203
13915
19162
15975
21522
30667
32097
32144
24730
2407
25395
15207
7028
13568
8239
18523
7967
18349
14179
7253
16560
19389
11565
75
25367
7919
5279
30226
4003
14566
3112
21107
30665
13783
28017
15746
17441
31109
13446
3371
21681
32367
25142
11790
22126
9543
23996
3725
20992
6311
6559
16418
6086
6400
32726
17142
11546
17619
26928
12208
7894
12579
9203
13195
23830
26154
19907
4780
1088
5195
1222
9394
14146
5448
13318
32654
28443
3509
32535
17557
25501
17068
4345
17363
29041
30659
21055
27043
8539
26939
19057
10877
13503
13946
12464
24846
23397
20667
28568
21134
30329
16901
8299
19790
3286
24665
16747
5520
21636
16688
11143
5276
30078
293
2874
32272
27065
13294
24753
24440
7779
4240
19244
19998
14952
11731
9126
10020
11835
25332
10936
5583
28883
8347
19899
21542
3572
22028
18221
22972
27055
13985
7765
27850
23852
29560
18986
18816
4263
15721
31602
21405
14009
9019
21031
1598
3289
8215
542
5619
17698
28220
10987
31000
15703
29173
26367
19043
10020
20680
22035
14777
1446
2289
9930
32582
9262
7439
25489
1228
27202
10268
1738
14651
12517
28066
6699
17027
32025
14892
25952
422
17313
10235
28664
7441
6667
7163
23166
1324
30958
3830
21222
10032
29553
30470
10284
16953
2060
25936
16695
4764
28307
11247
31491
18298
1904
8239
12799
30357
20527
19708
31412
611
321
10650
19880
9825
14585
10390
10882
7594
22491
13052
30318
6088
29206
25546
6595
28618
31311
6053
8420
22934
2464
9419
25700
31105
26849
20297
31853
6685
16166
19822
866
29778
2440
28799
27587
15793
16425
17836
27985
28932
19570
17219
19827
1322
13471
22052
1753
1570
8318
25461
5215
17509
7027
4758
25396
3705
14272
29527
12347
10435
30467
21609
21681
30621
7168
24083
17937
4008
18849
17702
19764
8291
4923
10803
14525
27901
25107
30971
3764
18280
21537
23591
369
16815
30740
6458
11196
2441
2710
26819
22578
8750
6352
7895
22507
28777
11313
14270
11353
19695
25451
7405
2163
4335
7359
13876
27923
20714
5499
6969
25757
14789
8897
31013
8674
17437
26505
157
1604
12762
11241
28660
21274
2567
14741
3487
2646
1761
24994
9961
16997
10797
3983
26344
29014
27599
3461
6575
29503
13977
24030
12229
20444
10081
19941
5590
890
16982
9692
13481
20243
4756
6724
11602
21435
26613
25176
9641
32058
10026
6107
14586
32763
24587
17427
24830
28197
7724
15894
27402
10247
10161
15940
19847
11193
7779
19221
29090
2048
14083
25365
17732
30323
31454
2092
10565
24796
18337
4131
4061
21985
367
24164
24411
12516
11057
27393
27929
31015
22829
15096
9391
15412
12763
11702
12135
26492
28915
17369
12273
25918
8395
17210
26200
170
32224
23595
20533
21831
14514
13309
6435
19858
2518
30918
28530
29928
19526
25184
4384
8357
4603
17589
9476
13454
26302
5946
13389
1644
13627
5562
22571
9466
599
24149
28620
1537
29379
12488
29322
24514
20177
13039
12899
12692
30855
24200
8873
16334
2035
31801
30458
1767
445
20437
11891
27100
23555
23003
24353
8146
17760
21055
21944
9469
25166
16493
23944
12992
29871
21644
17580
790
8614
26111
28805
25392
18859
15154
5735
22880
9951
32403
27793
25141
9628
1246
26467
2280
11089
18590
22219
24310
16269
16113
30721
5903
19289
27019
20340
18223
25291
18941
24324
5643
19672
6711
3185
22446
15722
28236
19475
23908
30130
9078
25548
31959
16064
16474
23100
4728
29265
10893
26163
800
1512
21846
29292
247
19488
19894
2424
6038
24640
18341
15864
17256
28688
4255
25359
6230
22507
2911
10519
15267
17686
6379
29331
13588
21072
4816
30053
23381
21162
15023
31810
24472
16025
17144
23650
15487
30538
21750
29564
3132
21557
14348
16881
2551
12021
32318
30024
17007
24919
23026
30426
14309
27057
248
21198
32054
10613
16585
2888
3143
29189
10252
11230
23461
21449
26975
12620
30573
25472
23379
6504
8554
27091
14776
12120
15486
12592
3100
26626
1859
26069
21902
25284
27121
15403
29096
25189
23427
20822
17100
21068
8725
31242
5549
11248
29329
29600
24081
20624
13194
11113
12502
11044
26472
4162
7987
11923
454
8808
22337
1062
11288
13710
11706
32317
15761
6445
29952
9025
27204
6940
17761
25817
28041
6240
6809
22369
13218
4165
27288
32152
18078
28078
6534
31896
638
31401
28421
19468
21655
12870
28854
13981
2615
25770
17918
16045
29323
24927
2314
15176
22464
7150
10512
16727
4969
32432
16856
11543
16929
24545
3196
24522
23153
19702
19820
1453
10996
8240
25524
30761
952
5234
23938
4173
3816
19280
13794
32124
7336
31080
8141
29795
26177
11509
610
18990
3198
25249
2675
20476
21846
23707
30019
656
27850
28650
30862
25161
11537
15361
27594
1876
12787
147
5805
17952
15219
1448
18671
30738
9136
18929
8017
15483
27661
27480
6622
17863
9616
32220
26481
1783
14472
17564
2679
21841
20339
305
15094
21077
26910
19777
10703
12788
22030
12881
2368
12541
9503
29659
32428
20440
17259
16289
24991
9590
21357
14400
27661
24200
32615
3592
16346
15599
19200
6667
26015
11124
10290
12148
10412
14778
21347
5915
29769
5232
15058
26966
5698
19915
30005
14865
2722
2612
2977
19233
13502
25918
6825
14549
10613
8922
3786
21710
28343
206
7
8977
21572
15459
28880
11611
18870
8286
29736
8373
21954
12082
32519
26951
4795
15732
26877
16497
21591
4239
24601
24856
23222
21945
21513
22078
13984
1318
7298
6102
17167
1403
24291
27094
22509
9093
30485
12685
6686
12843
26549
13623
3265
26273
5493
31183
18355
17631
20927
13092
30549
12370
30876
31279
2448
29905
9685
15780
11286
23506
17752
8391
32746
8670
732
15489
9762
24642
23752
30387
2540
16136
24145
25546
3023
805
17635
26260
29235
19700
5315
594
17188
6883
24818
4878
27475
25709
19028
24622
22109
24904
31249
15690
23632
20703
6972
11579
10348
22018
6067
15220
32038
15068
7238
32662
31091
12582
10267
32574
17218
25243
11088
25121
15178
26028
30947
11356
7687
27252
4047
29445
13823
13294
32632
16134
842
12646
27465
4651
31825
19501
29084
17017
19414
15761
31194
8130
12341
268
11747
6006
24553
14012
8880
19132
5969
2579
29751
19137
13236
28880
22670
28496
32644
22062
28244
31652
5087
1627
19021
1402
29531
28203
2124
21098
16899
782
25430
8054
16029
26432
6404
1764
24879
7743
7209
30793
17089
25986
23221
30439
12899
1384
6873
4664
7026
11887
13164
19659
8472
13990
9102
25935
4882
19301
19851
13806
8118
27451
22786
7644
26420
15400
70
10543
21532
4620
19716
27377
23840
14688
2086
15731
5148
23076
24824
23781
9811
1816
3977
4132
12795
19759
30293
21459
5373
22337
1824
15277
6390
31232
28453
32281
8321
15405
20080
24063
14776
12044
32393
26331
14840
11029
11346
12048
18149
17644
18738
5246
28846
3731
6003
10070
16787
30943
21993
14125
26276
26920
20181
13904
21963
22341
19976
26456
5388
1975
16972
2302
1804
13861
3583
29744
24784
17417
19201
24676
11464
16296
1489
16940
32524
22343
13298
30730
16101
3228
27028
14726
10639
15491
4720
31871
29245
20210
12788
17599
9054
9007
28320
4562
9503
3136
27824
24343
3377
29092
15355
27159
7116
26688
23835
13078
2548
22428
8654
27624
3323
32591
27804
18694
13127
28856
5050
26849
32341
20719
27439
17782
24062
30459
14901
25635
28921
14918
8162
14265
11938
1358
11015
26834
24057
156
10585
30821
32238
27130
29134
28823
732
27617
11850
6100
3411
2353
26747
23071
32282
28964
24065
23718
2932
20357
24531
28570
15267
27933
16606
21053
26795
13423
6127
32061
12632
28325
22738
26432
31618
19657
2236
30656
27536
4408
4582
7193
30011
27988
31355
13024
27029
26490
692
16759
9801
23860
28225
10206
18980
30127
31980
18124
4820
6255
22137
19455
18416
15425
28112
6352
22329
8817
8030
30474
1568
21054
3768
4092
23688
26763
1921
22989
11468
4055
25999
28432
23812
13423
18505
1176
21892
18658
5459
29070
14502
11958
3694
32192
18378
5977
32409
27196
6554
29018
17020
26654
1427
13785
12295
29094
26817
10813
8535
14734
10185
27173
9945
9370
4653
19872
9393
368
2764
32672
24413
29354
6568
22700
15253
16170
19180
20950
13686
31917
32558
9197
21216
18595
4337
26355
5405
831
29550
17873
11715
16586
11924
6730
31451
25916
23629
1326
3650
7693
2819
22224
17488
11849
10595
23481
11704
16611
24416
24990
20655
13643
30843
2192
1361
6722
17218
13427
28992
19182
2583
12977
26254
25129
2355
26672
10717
30751
1515
7041
25540
24088
27441
12122
16757
19602
3933
24902
2205
14227
1838
24731
8844
15677
10763
20908
25238
25251
11151
4417
3001
4827
28229
19524
22912
5205
29616
16317
4134
26730
3471
13569
22527
18744
13406
3621
26644
14766
10016
30393
17421
23523
14428
3251
4437
428
27750
5546
18296
11117
19679
5189
16336
26927
5503
20978
26720
20979
7698
12507
7680
1350
9665
23062
29115
27414
25491
7195
23925
9668
52
3452
11216
27258
23796
18384
5969
13247
19474
20208
25791
585
7739
30823
31948
8210
10574
26403
18680
6574
11362
28529
22449
25051
13578
30504
3007
21338
27096
9763
23263
1277
24095
31477
24494
9218
21245
6105
17097
18591
2457
23528
16179
30942
2730
7311
17911
19883
1849
4927
1294
28203
13991
21350
21890
21840
22001
23711
21716
5547
11315
7461
11676
3969
14443
30862
21359
19744
27776
9910
13829
31091
6531
32505
12187
9429
28980
933
12951
19491
16584
16814
31339
22037
18665
22692
17339
31438
22271
16099
20418
18865
942
5642
14066
16759
15007
9134
20186
11902
28548
16975
10061
17252
9302
24202
25281
8149
9441
21649
28149
14753
7043
16857
23255
23570
25393
7954
25252
12668
15034
13916
21329
2837
15696
18872
27690
23303
17476
32188
28089
5316
5649
23692
24809
26522
1692
1285
22891
1927
27834
23099
14169
30798
4339
18214
11289
3786
31110
27288
1669
7299
14252
16242
2632
31103
6689
5400
22155
24667
26849
27682
8146
20634
3631
2901
16672
27452
20700
24785
26722
32146
966
907
25098
11858
20127
26878
18427
231
29680
8990
6053
8970
14429
14990
29553
14486
20266
30994
4959
6552
28670
14407
10477
13990
31207
2194
14908
6003
18335
17494
14446
10144
6414
25450
21842
17876
13839
8906
23619
18702
11895
21644
4685
28730
23380
27670
24978
28675
1394
6799
21484
4841
21796
3987
8404
8083
28480
12843
21123
31078
25452
26108
18006
12118
20376
12478
3191
27900
23756
21488
27322
489
31012
11978
1733
29499
29465
31860
31604
19310
23041
17013
23932
7284
18393
878
29518
26631
30787
2568
9278
25150
20683
24619
25316
16990
15982
18033
5826
5619
3165
16346
18728
18976
6142
1473
6485
24372
1588
30734
15327
31357
24032
23982
2389
19041
11176
2368
24610
28842
4855
13841
23988
26402
28740
12619
13022
4704
28824
9065
6011
30433
16970
3566
8533
17499
17165
20823
581
11085
20270
20302
29083
12507
5654
32032
17599
29913
6166
31345
31513
7718
12644
47
16687
24891
22112
15300
12045
21763
25884
27280
17898
2542
12316
18838
28936
5953
9818
11637
3548
4784
15501
22171
16239
9774
31659
21941
4356
14340
22701
5225
11259
22816
14738
22088
9461
28080
19366
17918
9273
17392
3844
25292
27991
3392
15194
25145
2571
28026
25068
23044
7267
5250
28892
18012
7204
5663
31656
16467
875
29705
27892
30865
11920
3651
1418
19013
29519
28074
19615
31330
13098
7375
21848
30471
27913
770
32140
11070
4644
30127
2508
15082
8738
29678
17056
15099
21122
16469
30484
14820
17723
19728
2163
11343
4767
11828
25427
4623
10885
1617
2513
26454
20647
8519
4894
13864
14409
12634
17467
23567
796
25224
9728
22545
10081
14361
15459
13535
337
26745
17143
25423
5053
11075
4787
6412
15346
11678
5365
1932
23775
8396
26566
32579
17786
5888
5984
21271
22111
8816
4334
4115
10938
27308
12946
23903
18536
11310
7340
6256
7001
22066
10330
380
16441
15048
10043
3121
25167
1319
20601
10406
12453
27204
32518
6290
11881
18339
9509
9404
25235
9325
6445
18098
10952
18628
8073
6846
13694
24403
22020
11798
26466
21801
25668
32083
12278
27591
5523
14116
4479
12663
16358
5956
24606
21472
7191
28073
31805
216
29558
9727
3116
18809
18048
25428
30988
15223
20718
1045
13037
9392
3826
8761
51
13573
10173
25532
23614
29289
24900
12111
10570
13111
324
6478
14739
4809
16259
7410
29629
5190
11610
30152
5748
26555
13936
11617
24400
1390
7880
12619
6395
4975
8702
1345
21653
18799
6093
26015
21079
18133
16853
28185
23927
3855
9883
6315
8012
8230
7634
10451
11699
22422
29145
22271
22705
6492
14980
20545
31578
27984
21791
24138
21489
1717
7600
19350
10064
27151
19837
22500
13194
9524
8910
20713
13776
19878
13812
9029
1937
14624
8074
30646
5861
9327
21499
12428
15916
15491
22597
23389
16114
15814
13308
27385
25623
7597
17553
19872
3884
29324
21972
13171
13599
3502
9144
6441
3611
31653
10582
27395
31914
24287
24885
21506
28701
22650
23241
3415
17965
29529
18745
16923
28642
17784
28518
23360
23988
15228
3368
18376
30449
17039
12762
5428
8286
17514
6170
27712
5665
10675
28362
17869
7390
22154
13146
27679
20001
21855
330
7240
1020
9222
31466
23524
10225
22285
12133
22279
26897
1869
8701
23156
7526
15807
22168
15888
21135
20881
1916
21398
20906
27769
26711
11659
6775
10570
6786
21109
6585
197
13958
12360
7904
30897
3808
25633
21734
18734
4097
10806
17015
27718
24985
2573
5460
19397
11541
4845
15609
330
11622
15507
6270
23711
27653
16421
15291
9286
20276
32108
4015
17492
23942
16445
21027
24451
23201
31288
14474
30338
8515
17590
14892
6543
24195
16124
17795
22600
4698
7349
25829
25534
31073
30879
5732
5836
17372
16260
23283
22695
15864
18284
16586
3509
19793
26385
27915
2723
26551
8595
26789
15794
26418
14957
13432
593
24387
17832
26811
21233
22381
2126
25499
19733
3828
15650
19237
15272
11749
4494
26214
7060
1878
28381
4561
20112
20719
25514
21217
28729
29610
16792
20223
357
22998
17220
10661
23988
24162
20088
3524
12136
16728
9890
26211
21878
17832
9092
2697
28636
23591
16428
24670
1590
32727
5671
15245
31884
10089
6386
31468
19055
28672
9649
10591
10308
25912
15139
9722
9951
2663
28118
5989
25940
2339
27799
11909
22793
10500
10541
31832
23568
29866
31047
24353
30132
12290
17330
19142
4434
966
3535
28790
5995
579
32069
2446
7414
26975
8691
18878
7419
17882
7209
15464
28765
23508
29463
4424
30712
30864
12165
7258
11499
4471
3781
3320
2871
21600
25062
8259
2698
3342
27947
21189
6485
1018
23483
21845
20004
14931
7066
18746
17199
10052
13784
1939
20524
23157
30473
30710
5736
10196
31733
14935
4886
16533
30352
10283
11239
23927
16172
28878
27099
24138
1517
21794
22102
686
14461
18042
11894
8221
28674
27830
24740
31020
31565
22447
2153
6669
22868
24533
23683
24153
14307
31254
17209
1036
19086
770
235
28626
3562
17709
13549
1665
19197
16085
6294
16358
28402
27333
13459
22212
2833
4217
129
14874
4335
24451
8380
9125
7906
23086
13937
30630
28856
21344
30203
20965
18601
965
30572
25590
25737
31273
30057
2235
21315
27430
28220
12586
16002
9216
23332
3664
31921
9421
29167
7318
32550
9689
9419
29764
28826
3144
21594
835
6109
4605
26628
5159
21191
9403
16529
18029
15730
16522
14583
23552
22950
18781
10608
2
19093
10225
8400
27338
30921
11768
18454
1833
12890
1399
9281
31986
7012
12141
10853
17593
696
21941
23037
10458
28370
29741
20867
22462
30476
7448
4414
27481
15633
23745
24668
2551
6803
98
2112
1081
22337
17475
23069
5210
31475
11558
12996
8887
4136
4323
28858
13199
27315
4688
4238
25095
18097
5219
25449
3185
21438
26779
5095
5581
105
15515
27941
24720
6629
2841
6172
26277
5121
5110
17197
4786
3417
8110
26620
16028
25550
4595
9090
31565
27957
3989
21598
1461
10316
15269
29548
3342
31218
20442
23193
11877
19095
5171
28150
18774
6129
31198
23307
4631
20208
23897
25197
1208
501
13271
24467
7592
20287
10213
741
31612
2981
26957
29206
19948
1419
13371
17076
13854
29711
21406
765
31784
26243
8913
17653
15824
18464
21115
24501
31381
19448
29876
23302
8436
21805
5225
14638
228
12129
23553
4874
18339
11117
3904
14941
26804
29782
23660
22120
6185
12413
18607
11963
14878
17173
15293
6218
27526
16858
28342
14531
2090
29440
16974
5151
20974
26474
16427
6264
7510
1309
19343
7194
10058
5620
17718
476
30742
11925
9858
30641
30645
419
22485
890
5967
29494
17982
21022
13312
136
31833
31965
5851
20465
17008
14561
13871
32021
2534
9494
7176
30044
10198
10812
5625
30882
8951
8507
4633
4656
6339
13238
19788
7659
32216
10978
14020
11724
15774
8345
11463
25488
32042
18090
30386
4785
1378
14452
8254
16020
6242
2739
6658
18692
13855
3481
17209
25823
5194
29985
16582
8463
19832
23456
17781
8124
2943
21148
12164
19904
12579
30178
8034
11868
18162
13523
27574
3881
12140
17919
5795
14417
26215
30965
10314
27902
20402
23128
4753
20499
22777
24118
547
283
29416
1174
16569
1406
9619
11344
3223
20987
17430
2082
2393
2130
888
27135
11759
15681
30934
22698
21479
23218
17085
9092
19434
29235
25047
26787
7050
5030
1226
16675
18491
31802
19293
1985
21406
12698
17629
28069
19718
23908
11711
20864
7221
31964
12422
3287
26982
14562
11751
11167
18065
31265
20523
16905
32234
3466
28118
21663
10666
27905
32646
1680
30995
85
11549
584
18094
27254
13858
20548
25560
14050
14693
4133
15740
31585
8162
18435
15906
16882
12008
15875
4393
20229
1403
4140
11088
6122
2294
32374
15484
32138
1269
6948
28341
8021
625
21844
5745
23163
6701
4565
14357
18783
18001
17976
1721
22345
30549
18986
16427
15450
28705
21249
2615
30150
11635
19860
13606
3645
23680
2640
1925
19114
9438
28552
30504
3872
18849
9741
29550
4113
26053
29695
9413
9154
18380
14818
17777
18427
12455
17908
30602
12291
31194
29118
15428
28364
26332
15850
28788
4458
9660
24660
29263
15817
17162
30820
21620
10656
5365
23962
16941
32161
25009
15466
30961
30963
17692
30027
31534
26849
6560
29195
24646
18644
26715
25957
26071
7806
9341
10453
9792
26201
13810
11435
6241
9296
5954
11871
15522
27835
2741
10532
6966
31121
10938
13503
30625
8153
22921
18074
23927
14690
21512
2324
27239
22196
27627
15644
31097
19782
11552
23038
5012
30194
29290
24444
18755
12197
11596
3617
22968
31323
25896
31186
19218
15947
12712
10918
22491
4958
13405
16376
21973
7398
21926
18874
31222
19853
18644
19467
7601
10123
7051
8460
26999
19741
21611
11504
2174
30002
25840
6227
18881
6247
29335
1229
21064
27189
15171
28614
17577
29289
6366
14220
463
23253
26691
30370
26362
17734
22364
10588
11527
15798
24199
20904
19698
7362
26943
3375
3481
28254
29176
20893
7874
12487
5450
17212
25952
32697
24658
22984
23826
32739
24150
18303
13037
7832
10663
22135
32123
31175
972
12340
13827
1069
14556
17274
22283
14793
21036
15456
17436
30864
23594
17062
24261
20835
17289
29256
27874
25918
3487
16979
13343
8882
28683
19960
28343
30613
2970
13279
32130
19192
20076
32702
31534
21337
16722
21033
5324
7450
17531
15020
19343
21810
32592
30743
977
11299
1948
4889
1367
25900
1008
1808
20694
26047
19782
27936
28342
22837
21476
23938
6933
15553
19331
31519
29455
26530
25265
23902
1853
25501
2420
19514
30587
10667
2864
663
31727
5871
32714
27350
32583
11754
22542
2471
11841
30706
2382
2846
8305
6880
7244
9738
32319
30474
9051
18818
18479
24945
23488
18624
9061
20027
32350
31027
20328
32611
915
30415
10534
2991
24157
680
24376
20962
29377
12223
15208
11315
19309
21019
9584
30719
21148
25628
17157
17851
4666
22029
22804
17708
16200
31736
21068
16858
5251
3518
3804
17346
16448
28006
24958
10315
27035
10166
23988
18299
4304
25344
23377
31083
20201
12351
21308
4088
14490
29283
31089
6332
26729
20456
14408
31549
29713
25261
28922
18275
20777
6660
9569
18480
27905
773
28415
11947
31693
27433
26434
26909
17157
4372
25862
31360
25355
22449
13148
26165
25615
12164
9610
1013
2608
10812
11347
20490
13539
27784
20600
3007
19865
29228
13950
16917
2460
22612
4018
1207
826
8744
7275
30000
28198
11168
9103
28252
27419
16026
856
25116
16066
32298
16216
16206
28630
7217
12219
29693
4230
3377
13773
24532
14107
11871
6588
19161
27098
4602
30110
13400
556
26076
20917
3612
19196
10319
22002
14309
24161
7969
13497
20247
1661
17659
13028
9904
9637
8430
28938
31612
27073
15439
23041
14476
20214
10949
23201
24548
13699
22688
18123
27508
3817
4972
4010
14922
26191
198
12089
24069
18468
30575
27910
23693
19718
28319
24629
14849
19427
30620
21191
24305
30558
30090
27165
11982
27252
1925
14519
25246
26719
22765
7490
31732
21434
19457
4818
25632
8423
12976
22124
2979
18350
2475
1479
7654
30758
27071
6995
7467
5849
9058
27515
31427
17443
14476
1831
32641
29403
10440
10118
6256
21045
17290
1802
23489
3815
29891
19380
23047
12171
16307
26257
4007
4165
23550
3205
2697
16805
10499
11335
6164
20175
27497
1453
3930
11993
2298
17962
2959
25972
14005
20117
10944
5839
19742
1579
9409
4792
14041
24280
20072
6917
11639
28338
23800
26930
14480
17094
32224
14155
8978
20248
5798
20492
23256
8165
16670
27208
28287
12331
22495
21383
7541
2412
9975
11763
11858
4270
5342
17781
32620
9414
22441
16411
1445
29142
2688
11709
11656
7701
14162
15072
21141
13262
10439
2778
16600
27820
6263
32055
29889
16948
3417
25180
3375
26515
32382
25450
9166
4250
3583
8549
32675
10759
28724
20374
21989
26374
21286
19757
3343
18423
23111
555
13875
32370
609
895
12433
21128
461
17007
11112
27980
30949
19258
31244
11411
1723
22268
28217
25591
5644
13521
11431
12066
30319
20029
12254
14665
5586
19148
27980
7670
28199
5877
20629
18187
31579
21060
298
27652
19848
26809
9757
5756
2923
23403
7220
20466
31000
31856
21052
23758
22252
8705
16287
10399
11460
5338
10553
18343
21868
15840
10344
12697
24155
22278
10338
6561
3997
9073
19916
1957
12304
29403
31880
5835
22995
29749
28622
32059
29436
7056
6270
16678
7817
7997
13748
16135
14746
20531
23453
25896
14557
20914
23690
18536
31305
29734
18499
30269
24335
14158
30110
10229
16845
14237
19024
15169
7429
2785
13570
5107
30159
20514
3496
19207
24266
30413
20494
20192
10072
274
25779
22741
2827
17802
27611
23532
30042
29725
16096
20709
11673
25123
7113
891
32552
25033
12061
17638
12778
10422
28666
10148
26360
2543
609
10361
11671
1784
5076
26805
25704
31805
26147
23989
15071
27824
31875
6572
26358
12466
7904
4516
25379
3127
10100
1215
18567
28709
20121
26819
6504
27390
26843
32725
4065
3263
19282
31621
17624
16904
18991
20747
17201
27260
1428
8912
23361
11883
30889
25393
19078
22447
32492
5247
2965
12755
17352
19018
25171
13691
20586
20447
30824
767
11216
6159
7665
28762
16674
23090
629
11843
70
108
31259
18585
27823
19247
8986
1540
3701
19969
32624
27354
31147
10624
22231
25407
24557
9891
29941
22673
24632
5954
6099
13827
2302
8153
8848
8327
16506
20105
26711
26098
1858
9055
9102
26458
18715
28121
27984
707
12304
9126
18718
16379
11718
5294
6353
17603
12042
8274
3283
21551
11692
20469
25743
23888
5264
31419
4902
23824
10754
22160
7268
5980
29770
6765
15858
27529
19584
5590
14541
18416
5026
25000
20214
220
15844
3601
18796
3751
10311
29152
6743
30495
27757
32511
28550
26158
9900
16445
18715
14779
25185
25681
26757
1227
8327
31260
11183
19948
11400
16943
10359
3283
13138
14733
7266
11076
20654
16818
1166
3378
1741
2516
29160
25640
21540
7528
28062
20967
23419
15336
472
7761
21056
24020
15011
1157
10528
2807
13101
23372
8921
26091
824
7348
19785
4319
8393
4346
4299
20376
2592
8365
18884
2742
19437
4625
8313
6201
14273
13762
4900
27971
24259
18073
26182
7455
9380
211
28478
18819
32469
13424
27931
26642
13303
22234
25519
293
12179
22471
11492
19403
15883
15712
13396
19215
17616
19363
4371
20601
19158
15110
29135
2007
25925
16989
3868
28732
23666
30717
6153
26186
7437
20002
19703
9133
18844
11918
15531
22504
39
31091
22433
15956
10293
27539
19875
21861
23800
12198
27035
6960
18373
7932
24486
29482
32455
30051
16745
6451
15347
31819
3240
17875
62
28968
2068
26563
30478
11032
25189
5807
11759
17350
18345
9018
29832
18318
24796
26691
30925
12514
29112
16742
29558
13036
2254
19142
30895
6004
30166
19978
16657
13317
31300
166
32465
14923
26652
30556
4919
26560
8966
29442
14418
22664
14245
27269
29419
408
32037
30254
24759
5662
29971
36
14032
23581
23922
24115
1126
13400
10507
14539
3506
22898
20996
25420
21292
6739
15028
2432
6398
5070
4278
22121
696
11648
26172
30782
5957
24059
30118
9648
16670
31268
17236
2161
7869
5081
4536
12535
14165
11223
23471
30590
26560
15067
18705
28236
7097
22024
20870
18744
10059
29321
412
24173
21641
3191
5655
9324
31104
13565
24969
20816
10858
19386
12322
32598
23589
26470
7624
31388
2787
12729
4714
7209
14626
14984
22674
22062
23263
1586
570
21899
262
23354
4065
23701
22830
4917
3550
15127
21891
29415
7155
1943
4355
19881
4901
32218
17390
30733
15819
9898
23671
19909
21990
11478
4032
20161
15792
891
30469
6040
9848
16770
3352
14633
6572
22122
8205
13186
6200
31815
2870
6145
17422
2827
19794
5816
18438
4357
20225
31510
29161
21671
28027
23492
13000
9100
7554
462
31123
4794
14997
19203
7143
5156
22119
2974
16678
1395
7311
13094
973
7173
7809
14482
15618
21046
7101
4529
11885
14815
6726
14793
32329
22557
25430
2943
14779
28244
14416
29174
20834
21619
21494
13627
17455
18553
3036
26081
27767
22328
9756
11240
9030
16984
14156
31972
11767
1952
7341
32090
10753
28017
26277
4462
27412
14483
18288
24763
32613
28469
23058
20867
20038
19758
21904
16136
1273
19849
95
28473
17862
27969
30749
2961
19787
2889
8575
8509
532
2511
21643
27773
8811
5314
6407
29516
1137
12690
1841
13123
7278
31799
8368
26299
15718
13684
13771
9522
18413
1629
10969
25328
15163
7447
12792
5097
23683
1759
19714
30182
26753
27469
11197
17888
851
3290
14930
25772
23177
12961
29697
11998
11647
24418
19986
3047
12267
31180
20239
30848
31410
18940
9776
4172
32512
28737
22295
23224
12183
14626
19901
24359
21607
29346
28333
17484
15455
9922
30576
32470
16772
24392
17224
21331
21312
22207
18465
12110
31484
15039
24516
7611
3825
25454
12622
23190
1850
9287
20192
18886
10542
6682
23449
21831
31982
6740
19905
30344
16698
10113
8519
28434
20873
3855
3694
29803
12888
5205
6339
21306
14274
19668
2642
19883
31313
4540
12057
14613
3604
10930
25789
7899
12273
5584
21116
25744
23869
4333
23907
16222
2442
18463
11457
30376
26304
19839
21211
14830
29552
15916
28129
3569
17252
14483
21793
5400
13947
2029
9851
14099
4532
10504
18453
27582
11912
3147
12880
11592
13437
14581
5626
21908
4344
13733
12997
27359
8530
23071
29175
8100
17199
28237
6500
2492
16139
14980
10905
21706
16662
27913
16987
29654
21570
30932
3152
5688
5018
20883
7931
25528
1493
10482
21486
17395
22315
4378
28730
13569
25959
10359
12587
30036
21054
12991
4402
1251
4063
17200
22819
16776
7115
23577
20896
8871
23527
10139
10453
22545
20943
11697
24679
20520
6254
11118
22438
26947
24524
28550
17930
21076
23334
24592
14813
24264
21828
3466
28469
20910
24327
30494
4901
25628
19522
25635
18228
2766
29386
30439
30990
16145
24529
23724
25210
20191
30575
16112
17804
30796
12930
23026
14620
21537
28344
23665
6519
21446
1258
29879
29011
22117
6572
11990
28425
6476
23586
2098
14846
1939
10005
23615
15458
11519
14405
3724
13598
20519
29185
5633
9735
30677
23286
19813
29272
24495
20549
11554
16735
8215
7640
21069
31094
3407
28917
30433
26421
4577
22803
16203
25830
2110
19181
300
5689
22437
22998
26458
3130
22598
6988
5928
25983
17064
26831
15079
16038
11848
29684
5548
1791
25475
24757
1108
3461
1205
23051
4038
23059
21155
21695
29816
9940
4118
29820
17205
3580
18633
18218
32541
16309
32645
19063
23789
21596
1931
28598
1920
3822
3378
4589
3478
9149
4561
4649
23765
22376
24287
3605
28173
2569
13401
25803
1728
688
13924
32234
13282
3857
24116
1769
25053
19321
29228
6827
13784
9991
18759
1875
3129
30744
23990
9817
16488
13571
29387
31454
8662
9479
21013
2620
14911
7553
25549
8930
18732
8034
9840
1375
6331
26849
18862
9148
4002
20333
28803
27407
9330
30182
24228
19277
5657
13068
5404
29024
3499
15416
8759
26489
3426
26698
10399
4008
20707
7906
25029
11434
706
18387
8066
27906
27465
20180
4351
11339
31861
3961
20178
24268
24386
15714
29289
23373
26152
7347
15532
30505
2278
7875
4062
10405
19838
14105
16580
9088
17025
31892
778
9163
28300
27369
29922
23291
22803
22611
3566
13117
4189
29573
30048
23817
20688
24036
864
23290
12655
13811
29102
32733
31137
9742
32648
4872
1076
19292
3278
3821
21409
2303
28772
11758
15250
7053
3544
14707
17313
196
28228
20282
10083
1913
24694
4335
6053
7122
25679
29181
8437
9141
25961
6051
23397
32640
2300
32586
18315
763
4867
24342
31948
31371
9882
29883
3291
4264
26027
13970
16508
10128
13257
6892
4494
31549
8284
27046
1608
8085
15359
19453
20931
12002
23846
3748
23992
15489
6148
18964
8588
24542
28076
25892
27273
27552
30326
9689
31087
9504
2980
17535
6443
4128
13381
13560
4838
8890
22874
6741
9025
30102
1336
6307
21727
17504
12845
30983
25637
21113
27750
21518
4157
2029
19216
13886
32097
23206
1214
29425
3158
22495
8971
6499
19254
25051
6528
16393
25459
30166
17336
6692
10521
3644
3777
2967
12115
29977
20934
12021
1585
6864
6635
479
1448
17681
28025
11149
18907
10757
19003
4522
17560
19403
25384
12133
2086
10280
24897
25285
12094
4218
11197
9276
1623
15854
31588
23680
23079
30195
15673
19606
3942
21231
2139
15407
26581
1328
11053
25144
6271
8229
5045
15277
5438
18382
5954
17582
13698
21105
23890
18388
5710
12943
29106
14277
23939
15638
16871
18182
16993
8152
2509
12817
32587
7228
29566
28584
4298
23091
28277
15208
26069
26478
500
11937
25936
14031
7842
23397
27858
13341
13177
7647
11435
16379
2527
6118
1318
10267
11539
2770
18699
28591
24779
911
2408
31776
27420
3312
20113
31235
13721
23621
25190
3657
2495
11311
4052
10165
27793
14771
31647
1172
23935
6030
31326
16552
31884
19400
1991
32613
23472
27532
17196
1632
32635
10551
5446
23556
21244
2223
25394
